image_width: 1280
image_height: 720
camera_name: camera
camera_matrix:
  rows: 3
  cols: 3
  data: [841.638384, 0.000000, 651.714272, 0.000000, 842.426201, 356.845672, 0.000000, 0.000000, 1.000000]
distortion_model: plumb_bob
distortion_coefficients:
  rows: 1
  cols: 5
  data: [-0.020102, -0.101746, 0.000339, -0.001034, 0.000000]
rectification_matrix:
  rows: 3
  cols: 3
  data: [1.000000, 0.000000, 0.000000, 0.000000, 1.000000, 0.000000, 0.000000, 0.000000, 1.000000]
projection_matrix:
  rows: 3
  cols: 4
  data: [793.937317, 0.000000, 652.157327, 0.000000, 0.000000, 835.203186, 356.442503, 0.000000, 0.000000, 0.000000, 1.000000, 0.000000]
